[1,3,-1,-3,5,3,6,7]
3
[1.00000,-1.00000,-1.00000,3.00000,5.00000,6.00000]

[1,2,3,4,2,3,1,4,2]
3
[2.00000,3.00000,3.00000,3.00000,2.00000,3.00000,2.00000]

[1]
1
[1.00000]

[2147483647,2147483647]
2
[2147483647.00000]


[7,0,3,9,9,9,1,7,2,3]
6
[8.0,6.0,8.0,8.0,5.0]

[2147483647,1,2,3,4,5,6,7,2147483647]
2
[1073741824.0,1.5,2.5,3.5,4.5,5.5,6.5,1073741827.0]

[-2147483648,-2147483648,2147483647,-2147483648,1,3,-2147483648,-100,8,17,22,-2147483648,-2147483648,2147483647,2147483647,2147483647,2147483647,-2147483648,2147483647,-2147483648]
6
[-1073741823.50000,-1073741823.50000,-49.50000,-49.50000,2.00000,5.50000,-46.00000,-46.00000,12.50000,19.50000,1073741834.50000,2147483647.00000,2147483647.00000,2147483647.00000,2147483647.00000]