[1,10,100]
[1000]
3
[1,2,3]
[4,4,4]
0
[17]
[16]
1
[657,1916,3207,555,701,657,1312,3209,2601,1319,4988,4131,4072,2084,576,581,2955,2539,4809,2579,1761,3231,1400,4359,60,1058,2801,1126,2660,154,515,3321,1040,397,2427,4127,4725,804,707,1960,3956,2583,4333,4796,3286,2772,4126,2470,1683,2991]
[1724,1423,3422,210,484,491,796,246,3577,38,4639,3456,2857,299,1486,4928,3738,1285,3849,4837,2278,754,2272,1359,2821,3027,89,1164,2859,449,3436,125,688,2707,4401,2511,1636,4214,4209,3431,850,4044,4571,1454,3188,1432,4150,2105,4196,821]
3